0
20
0
0
15
1
1
1
1
1
1
1
1
1
1
1
1
1
1
1
22
22
22
0
15
1
1
1
1
1
1
1
1
1
1
1
1
1
1
1
0
22
22
22
15
1
1
1
18
14
14
14
19
1
1
1
1
18
14
14
0
22
21
22
15
1
1
1
13
0
0
0
15
1
1
1
1
13
0
0
23
23
22
22
15
1
1
1
13
0
0
0
15
1
1
1
1
13
0
0
23
23
22
22
15
1
1
1
13
0
0
0
15
1
1
1
1
13
0
0
23
23
22
0
15
1
1
1
17
12
12
12
16
1
1
1
1
13
0
0
23
0
0
0
8
14
14
14
14
14
14
14
14
14
14
14
14
11
0
0
23
0
0
0
0
0
0
0
0
0
0
0
0
0
0
0
0
0
0
0
23
0
0
0
0
0
0
0
0
0
0
0
0
0
0
0
0
0
0
0
23
0
0
0
0
0
0
0
0
0
0
0
0
0
0
0
0
0
23
0
23
0
0
0
0
0
0
0
0
0
0
0
0
0
0
0
0
0
0
0
23
0
4
2
2
2
5
0
0
0
0
0
0
0
0
0
0
0
23
0
23
0
3
9
12
10
3
0
0
0
0
0
0
0
0
0
23
23
23
0
0
0
3
15
24
13
3
0
0
0
0
0
0
0
0
22
22
22
23
23
0
0
3
15
1
13
3
0
0
0
0
0
0
0
0
23
22
22
23
0
0
0
3
15
24
13
3
0
0
0
0
0
0
0
0
22
22
22
22
0
0
0
3
15
1
13
3
0
20
0
0
0
0
0
0
0
22
22
22
0
0
0
3
15
24
13
3
0
0
0
0
0
0
0
0
0
22
22
23
23
2
2
6
8
14
11
7
2
2
2
2
2
2
2
2
2
2
2
2
2
0
19
19
19
